1000
-3078 3577 1269
1835 5484 1449
9848 9958 5103
-9287 6080 5280
5950 7461 6360
-3228 -3055 9853
-3008 -1522 3153
-7261 -1722 9568
8436 9222 3859
-5605 -5364 4110
3133 4352 417
-1355 37 3830
-9181 -6392 2799
6358 7955 5884
7368 8891 8899
2864 2933 629
7428 8024 3762
-7313 2776 3113
2886 6120 3045
5361 8073 1994
-4120 -2301 2407
7589 8246 5063
9587 9674 1333
7527 8258 4004
-403 8195 4066
8258 10000 9383
-3042 3319 9352
-5495 7667 5438
-3831 -336 2849
8906 9539 136
-5022 -1269 1533
-738 5596 6422
7273 9794 9157
9424 9596 204
3973 8964 4979
-6059 -3086 2248
7546 9476 1571
-7578 5790 1439
-2512 3163 5978
-904 2260 6725
-7289 -631 256
2829 8681 7756
7324 9448 2652
-9040 -6620 5738
-4537 8925 107
8626 8763 1521
6784 8965 8912
3346 9549 1376
-6762 -3799 3543
-5550 410 5076
340 5270 3112
156 7118 6196
1031 5184 5989
-7653 7070 6863
821 3038 2911
-6913 1194 3998
9260 9887 2193
7376 9770 5530
-1627 939 4579
-8225 -3418 6110
4869 5427 7102
-8348 5007 2911
3605 6335 4840
-5464 2842 5537
-6151 8758 2468
-4589 9759 3667
6041 9426 9161
-1684 9240 4005
-412 3580 9716
-6018 -5116 8094
-6298 -4799 6063
-7582 2489 7550
5510 6518 1193
-5125 9739 9224
395 6332 876
1880 4480 5884
-5274 3420 4827
4318 7580 3492
-3945 4850 3614
179 2458 88
728 6733 8224
-6414 5718 1541
-6195 9817 155
5840 8066 7800
2288 7309 100
-8938 5158 4040
6754 8408 3824
3238 6087 8256
2475 4286 6921
1358 4095 8398
-780 5222 6031
5616 6668 8866
9051 9697 117
3776 6309 3953
-8288 -6631 3816
7222 8062 8471
-840 3566 73
-276 6315 4848
6305 9591 5941
1125 5228 7646
7206 8273 3327
-8927 -3232 8639
-4199 -3176 3424
5029 5248 303
4656 9594 3285
2394 7831 4820
-962 4356 6885
-4916 6945 1817
-2818 4338 6067
9034 9099 3844
4396 9977 9361
4881 6787 1730
3317 9733 4399
2002 8871 7001
9229 9438 1508
8792 9798 9120
-7839 -537 4037
-941 2530 8233
-5214 4076 54
-1113 -44 2855
6503 9156 1845
5374 9383 237
-4969 7791 8445
9157 9479 7212
8450 9461 9761
-2320 -748 8198
4455 7778 314
2840 9995 8828
795 3311 8988
-4965 -4192 4111
-1651 7225 7326
2142 2512 1126
-2331 1999 508
2706 5571 155
-4533 -1066 2185
-8548 -1907 8673
5444 8199 324
4523 7046 3695
-4435 -4027 9589
-1678 7555 9363
2387 5250 3944
4120 9000 7240
9909 9925 7636
-5794 -1942 9757
7812 8445 4827
-6873 3981 7927
-2961 -1683 1942
-1931 3815 1546
-8206 9397 6467
-6280 -560 9891
5739 7265 2537
480 6305 4042
-533 6286 6721
-173 9375 543
9442 9830 4908
-6750 2717 8083
8867 9726 8480
-4474 2745 20
729 5020 9048
3914 7627 9690
-1043 1672 7098
3682 5377 2551
7931 9165 5716
3 186 3768
-577 6719 3230
5375 9193 3358
6073 8894 723
8254 9350 6073
4675 7369 4820
-5052 -1633 2789
2112 8369 3576
-4254 4728 5454
5869 8394 2675
-3205 6403 3641
-9192 -5535 5597
-4580 6932 1840
4417 8956 8984
2310 6224 7876
-5174 -3328 2753
-9631 1903 5917
739 5708 6960
108 2232 154
-3046 1625 8669
-242 9422 8972
-5145 318 2788
5040 8877 8999
6489 9351 8993
-8841 -16 6937
4193 8339 589
-5442 9428 4079
-5922 -1745 4014
4280 8017 5656
7427 8064 2109
-9938 -6246 120
3619 4971 161
-575 4896 9746
4188 6015 362
-6524 1782 2610
-811 4941 9587
3100 6690 6266
8101 9049 9289
-5685 6824 4618
-617 4684 1611
-3698 3227 371
8384 8459 2829
3337 4033 9191
737 6526 6433
5184 7350 9282
8993 9741 5398
9767 9776 4441
8917 9169 9195
-384 8244 7573
-9164 -1275 9873
-1847 6776 482
3598 7595 7963
-5667 5403 9362
7170 9118 4768
2227 5142 3300
-9397 6778 929
7299 7510 9111
1432 5342 917
4677 8171 8109
5483 6667 7210
-8178 346 8585
-27 4144 9484
6341 9108 3598
-7892 -316 8773
9010 9131 3824
-8894 -5681 2823
-2682 1824 7293
4658 7454 2858
-4471 -1554 3631
1283 9399 8604
2973 4516 9278
9406 9832 1984
486 3734 3069
8073 8089 459
8995 9191 116
-7066 -4323 8799
-3176 2439 772
-5728 3925 2507
2667 8681 6617
-8450 -7967 3729
1093 4394 2231
-9268 -5306 634
-7812 -4488 6629
-7895 4671 65
2213 7800 2761
7536 8310 4714
-4653 9905 9037
1699 5061 6483
175 1017 1179
-3612 -510 7718
-7633 8810 669
3106 5475 5582
3303 4402 145
-845 1390 5432
8492 8836 541
-2960 1242 4996
-1154 6287 5046
-2002 7106 7747
2596 6288 6363
6211 9310 9758
7049 9924 9454
-7443 -4927 1308
-5726 8307 6418
-3397 3924 608
-554 8653 6495
-901 1468 6091
-8824 -1127 1210
-3525 6610 8097
3939 8758 7839
8830 9439 7523
2746 5658 4198
-9430 -3849 731
1497 7058 2499
9739 9978 1597
-9908 2811 7672
-1044 -965 4081
-593 5844 9854
-4108 5839 6936
-1777 9444 7291
-3449 8733 6599
-4549 -2741 5118
-7904 5032 5198
-9836 -389 7087
-2032 9935 1367
9206 9559 9083
1448 6521 7015
-3940 5367 4505
-9921 -1012 5651
4508 8095 3322
5972 6498 5087
-9178 -3281 7556
5466 9382 898
-3552 -3018 2510
-2501 3485 8790
-7557 3361 7431
-1191 6571 27
2952 6007 4682
3092 4980 9677
-6111 7288 960
-8667 9024 4020
-692 2639 604
-8104 -3840 7160
-9863 2294 5281
-6329 1125 130
2305 8834 5728
-5359 1903 8762
-3531 -2592 6580
6653 7801 5948
-4736 624 217
5268 8229 1183
-6550 5345 6688
-2038 4901 1986
-3963 -2528 9678
-3221 -585 4857
7475 9061 9570
-7339 40 5358
-9363 -5042 2663
-6917 9185 1544
614 5602 4164
2072 3579 6021
-6178 -2430 7881
1700 6811 6889
6786 8309 5976
9513 9718 2782
7331 7606 564
-7340 3915 7633
6437 8630 8609
-3987 6045 8336
-6928 3653 1216
-5553 6985 1193
-4753 1911 1574
-3934 -2230 4303
4160 5758 6755
1113 8314 8753
2475 6002 9847
-653 5358 7333
1435 1623 7718
8899 8909 4806
-4250 2435 3693
-3307 -3045 2989
-6581 488 7945
6079 9420 8861
-4898 4411 4693
4204 6947 1762
-7903 -6408 3560
826 5835 8625
8866 9647 4691
9350 9893 4618
2541 3661 7976
8923 9917 9996
-655 3177 7681
-4280 248 4735
-6331 -4093 8760
6800 8447 9574
-9663 3898 9882
-9342 -6185 7619
-3253 3382 7091
-1763 258 9904
-3715 1453 4083
4566 5013 8659
3006 6037 9320
224 3593 1218
4660 9566 7759
4624 4864 2357
4523 9605 4505
7112 7839 6027
-659 2142 1965
-5462 5965 6491
-2777 5205 7368
-3436 6205 2255
3850 5965 9383
-903 9913 2664
-9024 6477 8250
9649 9697 1914
-2804 7722 5321
-110 3285 4598
-5057 -2854 8270
5961 7543 7811
2110 2692 1881
6243 6948 6350
2156 3218 265
-9456 9820 6235
-3688 -2508 7830
-5044 -489 1031
6080 8241 4523
4170 4511 9737
2264 7110 259
9 113 3146
4435 9874 1366
8870 9471 6943
-7583 4906 7442
5686 7498 9548
-6567 -3461 4875
-9361 310 7684
-1795 6429 6322
-8235 -2832 429
-5847 3880 9178
480 9394 5765
643 7409 4322
4508 7625 2564
-676 216 5813
8462 8757 5991
-9103 2576 1321
3709 3729 1107
-5368 -163 4850
6234 8622 4617
4066 8243 2351
1807 6806 5848
5042 7946 402
3215 6456 2212
164 9316 5512
2764 5151 6524
-8862 9570 3408
5884 7927 1094
-9463 -421 6192
7797 9609 813
3708 5482 5396
-4613 5854 8540
7964 9990 9648
1936 5697 7395
4538 7003 5814
-9278 4744 2748
339 5599 583
4122 6490 8002
2191 5765 9564
7185 9386 4555
-1397 -1197 5119
8422 8991 6392
9796 9820 5691
1280 2682 5994
-58 4282 6981
-4494 9118 8341
2418 6252 2379
-3678 7819 1838
-5520 -431 5546
1864 7084 5724
-8262 4096 6130
-6524 -3528 6000
-6152 1830 2350
5945 6911 4621
6158 7010 6053
-8121 4852 8152
9725 9754 4136
4404 7760 3234
-9555 4719 7578
-6502 4103 2671
-47 969 881
8615 8819 8580
3146 3283 1543
-298 2645 243
7058 9912 2534
-5205 -3586 171
9800 9991 5417
-6681 -3251 3417
2171 3055 4075
-7112 7438 1354
-1887 4851 2847
8737 8747 6994
-5761 9781 1673
-2270 1832 7983
-2474 8436 4569
2028 4152 1715
239 5757 2341
6719 9929 20
-9489 -5020 1189
-9799 1062 3750
-2911 7727 9710
-9199 1336 6378
-6428 4749 4333
8174 8295 1760
1519 1528 7897
-2142 -107 7895
8832 9030 9323
9244 9313 3521
-83 6946 172
825 4535 3171
9341 9348 6418
-8217 8358 8275
-5428 2416 4756
-9948 -9273 4282
-5382 -1684 8015
-3438 3519 2984
5634 7218 9164
935 3370 9219
-8261 -1486 5223
-233 3747 6143
5780 8812 8771
-6322 -2912 4482
6429 9521 89
-584 6747 498
8063 8498 8502
-3226 8059 3098
7803 9096 3857
8185 8536 188
-7525 8082 7474
3416 9680 3560
-8839 5420 1199
7585 9235 1916
5160 5920 6406
5636 7529 725
9110 9702 3595
-5631 -1713 8036
9483 9903 6978
6414 8291 1083
-5598 -1519 8628
4577 7493 9584
-96 6875 4855
-3809 8957 1692
5492 7760 88
-1246 2731 2230
249 754 8162
-3709 659 4070
2819 9903 1054
-3475 2390 5296
-6246 7456 9523
4708 6255 7322
-4380 2247 9216
-1377 7070 3443
33 3773 7366
-5754 9004 354
-8500 5681 5819
-9003 -4437 9440
2349 3614 3044
9071 9994 3634
7042 8668 4096
-9337 4139 2276
-495 9134 9790
4937 5584 6531
-4441 3102 9076
3477 5755 2398
-3646 8495 3168
-3935 3609 3773
4167 8872 2277
-4452 -91 2368
9841 9994 4531
9216 9675 4429
1142 8058 2913
2727 3833 1103
4153 5967 7031
-9734 5113 10000
6166 8628 4096
5312 7277 6701
-4742 -2756 2110
-7031 9556 268
9716 9990 6408
9807 9984 4598
-5579 1347 2911
-1465 6168 9721
-1154 7065 3170
-1845 2420 1898
-4830 4771 1246
9669 9929 6486
-5721 4925 7179
-8774 -5497 5277
8957 9993 3012
4503 7268 9498
9385 9441 3509
8863 9965 973
-3229 5378 6062
9887 9935 2749
7120 9932 1457
-9171 -4598 6325
1596 2973 5197
-3431 -2561 8428
-6477 9539 759
-3529 336 3996
5126 9028 2337
3046 4576 4718
-3543 607 3244
-8743 7603 3604
343 7883 9334
7329 9075 1679
9909 9971 7652
-3177 -1572 6232
-3107 9426 9727
-934 9871 874
5846 6343 7629
6025 7612 5938
432 6107 3873
2066 2663 1447
-7568 9195 2917
1504 7691 1042
-369 9139 7806
-4782 631 160
7150 9172 3857
-170 9915 5398
1337 8836 6630
-6675 4309 612
3565 5473 1211
8848 9018 7428
2668 4490 8770
-3613 2284 4635
-1638 3939 1334
-3495 -406 6968
3526 8809 6583
3072 4517 7289
-9554 -3607 4247
3427 5282 6403
4182 5935 7479
3300 7635 4796
592 2838 573
1894 8995 4345
-9214 5769 8578
5758 5804 1256
9665 9726 5621
-3925 1372 6078
-3664 1733 5694
8548 9379 9149
-2060 1169 8514
5529 7959 7266
-3046 -1761 9849
4058 5199 273
-5365 3082 4926
-688 339 9585
-9760 8562 3449
6967 8702 8480
7422 9922 7113
-692 4655 2558
8482 8833 4249
7993 8971 9686
2368 4661 305
-2278 6316 5940
7639 9003 8456
8731 9681 427
-4280 3104 4687
-378 592 6783
3329 9296 819
-3253 7903 8973
9001 9259 5659
-8827 8519 9860
-9904 9851 1470
-8784 5978 336
9495 9544 4577
8055 8830 6999
1506 1720 4692
-4173 4883 8228
-3164 8776 6916
-138 3885 7869
9378 9526 3079
8006 9628 4124
4690 5580 9843
1983 5281 9699
-3239 8889 8447
8623 9381 7293
-3991 8845 2258
7165 7995 1241
1241 4678 2942
9693 9825 2326
-8991 -2117 6355
-1032 1687 4424
-9791 -683 134
7440 7648 7931
3980 5800 2735
-1341 -291 9885
8630 9803 9524
9992 9999 2295
4535 8609 8600
-6048 9351 2928
1627 3035 7387
9505 9545 9151
3578 7864 2457
93 9690 5347
7710 8652 7069
-7106 8381 3091
-2912 -1412 2075
3750 5938 7126
1919 6374 4450
2837 7771 5815
4198 7437 137
7164 9516 3643
-3807 -3667 5023
-8432 246 1788
2315 9543 5998
-126 5671 4060
2477 3526 1791
-9068 3752 493
-24 6942 1596
-5811 7240 4919
-653 2489 2002
-3346 4291 1126
7688 8404 6804
-3729 4099 99
-3713 1927 5133
-5136 6238 2018
-4981 -761 1608
-7866 6199 6058
5192 6434 5719
-3008 4750 3926
4425 5667 5810
-8882 6202 3355
-5192 4173 6218
3332 8124 9845
4432 5120 9847
2293 3994 3514
-9252 9507 8586
-6657 3458 1105
-1090 4447 463
-2288 -1565 2705
-6931 -4772 142
-1542 6186 7305
9881 9956 8132
7914 8776 8327
8768 9731 1774
9643 9764 4853
-3714 9003 9403
-9203 -4453 5003
1850 6575 4578
8583 9040 8888
-4013 7795 3460
6936 7420 886
-3923 -1515 9486
3521 8667 4875
7246 7492 6533
-2719 8023 5686
-982 6149 5197
-2685 8825 9898
3550 6012 4588
6623 7988 7588
8381 8912 2553
9754 9887 9958
3307 5589 3803
9055 9526 6851
1587 5954 2335
3980 6706 2342
-1995 76 2617
-8587 2914 6891
7664 7945 1771
-6827 7056 2011
-6293 -775 7900
7032 9197 5140
-7747 -2057 2841
1760 4146 4307
-7370 6051 2316
-7209 -6041 587
6233 7136 9669
8312 9991 211
2507 2762 5855
5401 8226 7588
3502 9895 9448
8018 9145 6730
8485 8801 6045
-5208 8274 1204
-9620 -4703 2254
-2337 -107 5189
1108 3578 9149
-8499 1503 9190
9479 9552 4535
-5921 -2714 3810
-2244 5274 6445
-9732 9583 7872
7224 7619 4335
2240 9698 2748
5098 9733 6555
-1558 -802 5597
-5279 1963 2227
-9537 -880 9718
7378 8370 5655
9477 9506 4228
-3880 5981 6061
-6254 -717 1980
-5074 -1473 2334
-7849 -4264 8479
2272 3692 4782
5541 5742 6581
-220 4820 3838
7351 7653 4953
-4561 9268 8250
-3908 2663 9863
1357 8530 3209
-7678 4997 6692
4876 7415 3940
-9728 5231 1294
996 2662 5807
7894 9421 2137
-606 2958 5203
867 5394 4677
-5508 6980 3997
-6253 1478 1578
663 6087 1897
8240 9710 117
-8116 5894 2683
-7003 -4434 1159
901 2128 7814
-995 4359 3555
6882 7663 4906
-4352 10 5350
-9112 -5814 7917
-5209 614 4884
2805 5603 3242
-8538 -3448 4396
3664 6038 8670
4612 6694 8788
-2330 4634 2594
-2349 8012 3717
4987 9428 3635
2682 3683 6002
8735 9525 1201
-8245 -5328 9231
-7968 130 9754
1136 1562 3635
-5846 2610 373
-6232 3695 4399
-7242 2254 9368
2836 6038 2276
8352 9172 1985
-5908 9652 9047
7505 9724 3800
6835 9492 1291
597 8330 2656
-1842 8038 4017
4682 7979 2643
8222 9300 2115
2985 9581 2742
3292 9621 8997
-7927 2116 5276
7725 8706 455
5251 9080 3566
8596 9335 4736
1616 3329 4176
-5255 -2788 1314
-355 6557 2033
67 7442 9738
-8544 -2488 3423
-669 4192 6543
-782 8999 7248
-584 390 6644
-2575 2751 3864
-6150 1212 9243
-6132 -706 651
508 7202 8188
-3691 7697 8637
5952 6661 8882
3972 5816 3789
2704 3273 2206
-768 8006 3591
-1712 5359 7880
3219 6020 7303
-691 4260 553
1837 9305 7908
-4169 6343 8924
-3919 3382 7732
-5531 2976 6072
241 4555 7873
-8534 7066 8472
2837 9291 8037
4073 8199 2021
-5055 7436 8193
-8413 -3505 1140
-3730 8486 3245
5228 7696 7298
4406 6924 9928
-5352 8392 4718
-4090 -60 6371
4736 8068 4292
695 8491 2412
-7484 -3638 161
-1867 623 763
2509 3418 9658
-3204 -3145 9156
-8026 -6092 3351
-96 8764 6922
-5308 3375 1126
6985 7426 720
-5564 647 1677
9216 9775 9047
-4288 5967 7928
440 6209 941
1476 9230 917
3508 7273 2751
5547 7186 7970
-8994 7420 9538
7847 9445 3728
6350 8506 9294
-7144 9492 8534
3492 9820 6450
8553 9944 3486
-4798 9308 4424
-5751 9517 2551
-5644 -3410 3970
6773 7833 3634
7001 7242 700
7344 8128 1216
-3068 6890 7957
-4623 -2119 1404
-1062 6122 5292
-8009 -7071 4598
-144 2530 1553
-9068 5774 5193
9168 9593 9590
288 4789 9690
-1016 7650 8478
8489 9829 266
-784 -683 5573
-7551 -2461 6511
-2621 8998 8909
7920 9980 5658
-8683 -6871 5476
-6720 -2660 9251
-6874 616 6950
-7808 57 2162
6393 9712 3701
-9132 -2558 7333
-3034 -909 1031
-7238 -2911 5192
8952 9510 5914
3106 9311 7375
6164 7812 4684
8088 9833 1761
81 7596 1024
-2214 -1170 6088
-3552 7317 7762
8816 9894 520
-4588 296 5035
-4672 4286 1961
-496 141 6836
6341 8625 330
5501 9603 3490
-5414 -1834 8583
-2923 4573 4842
-8333 2009 2306
-6815 4184 2226
-9088 230 9670
5548 6782 5989
2297 6813 4478
-7477 9988 5445
-2563 3484 1091
8888 9303 3568
-1286 3906 3985
-6281 3010 195
6544 8179 8217
8174 8849 479
-2460 7556 4057
-9610 7936 70
-156 2801 7504
-6677 -320 24
-2686 2151 836
-261 1797 3343
9866 9924 2676
-1188 1735 9575
-3014 -46 9959
4047 6100 8300
2197 4463 3528
-7531 -4381 432
5061 6478 3356
-3447 5589 8812
-9248 -5679 2114
-7426 -2049 6221
-8183 4019 8679
-7443 9404 5327
-1905 7021 9807
-6376 7574 3486
5793 7174 9095
-3994 6306 4870
5313 9166 179
-1517 9003 2630
9336 9449 5519
-8746 4183 4680
9653 9813 8771
2429 2887 9383
8200 9905 3767
3697 5131 5257
6002 6477 1703
-1636 9216 1663
-5792 5702 4099
-7889 262 4001
2840 5706 4189
7495 8070 7825
-4332 -3711 5919
4866 6508 7041
-9503 -7875 279
8978 9114 3803
-6797 81 2809
5126 7418 7928
-5277 1901 9708
6918 9923 7372
4763 5905 6673
8242 9925 6348
5953 9206 7357
-9649 -4327 8434
3931 9563 8953
-157 7554 2355
-2266 9480 3847
-481 3311 2699
3458 4066 6589
9254 9902 245
1082 4885 1830
7935 8786 590
-2625 4288 3679
-7824 7971 4367
-9397 9217 4220
-6871 -6637 8808
-6186 4462 2003
-9091 1341 6504
1852 9734 1236
779 3814 6196
3858 6530 7508
-2809 4956 3239
