100
-10 30 50
210 230 50
-100 -70 50
-10 40 50
-50 -10 50
60 80 50
30 30 50
-170 -70 50
-40 30 50
-80 -10 50
170 230 50
20 60 50
-20 80 50
30 110 50
160 240 50
150 190 50
-160 -90 50
-20 10 50
240 250 50
190 210 50
190 250 50
30 100 50
-100 -50 50
10 10 50
90 190 50
140 240 50
90 100 100
240 270 50
-60 -50 50
-20 30 50
180 220 50
-10 50 50
-10 30 50
250 310 50
160 170 50
-50 20 50
0 70 50
-50 -50 50
-110 -20 50
190 290 50
40 80 50
-40 20 50
-60 30 50
250 280 50
120 210 50
-80 -50 50
-40 20 50
-70 -50 50
220 300 50
-20 0 50
-30 10 50
-100 0 50
-110 -30 50
-70 -60 50
-100 -70 50
220 240 50
-30 60 50
-120 -30 50
-120 -80 50
-140 -60 50
-100 0 50
-130 -100 50
-20 40 50
0 90 50
-20 30 50
-20 40 50
-20 20 50
140 180 50
180 270 50
220 220 50
-40 30 50
-70 -50 50
120 140 50
-120 -70 50
-100 -30 50
60 110 50
-30 40 50
-30 0 50
-50 0 50
90 170 50
-80 10 50
30 80 50
260 310 50
-180 -120 50
-150 -90 50
-130 -110 50
230 260 50
50 140 50
260 270 50
-50 20 50
-20 -20 50
170 200 50
10 40 50
-140 -130 50
200 300 50
-30 -20 50
-10 30 50
200 290 50
-120 -80 50
130 140 50