1000
-82 -78 5
-97 -97 5
-40 -38 5
-81 -75 5
-78 -70 5
-78 -78 5
-101 -99 5
-31 -28 5
-23 -19 5
-57 -51 5
-37 -31 5
-56 -48 5
-88 -88 5
-85 -75 5
-8 1 5
-76 -76 5
-18 -16 5
-41 -38 5
-80 -73 5
-106 -99 5
-22 -22 5
-33 -23 5
-104 -97 5
-44 -38 5
-104 -103 5
-78 -75 5
-79 -78 5
-104 -98 5
-81 -80 5
-66 -65 5
-79 -77 5
-37 -29 5
-93 -93 5
-113 -105 5
-79 -74 5
-75 -68 5
-24 -16 5
-14 -8 5
-71 -69 5
-95 -93 5
-33 -31 5
-89 -83 5
-33 -33 5
-4 5 5
-31 -21 5
-78 -72 5
-84 -84 5
-5 4 5
-73 -71 5
-15 -13 5
-86 -78 5
-110 -105 5
-74 -69 5
-18 -13 5
-88 -79 5
-109 -103 5
-29 -19 5
-103 -99 5
-83 -80 5
-94 -89 5
1 3 5
-104 -97 5
-80 -78 5
-43 -35 5
-60 -56 5
-89 -82 5
-61 -56 5
-37 -27 5
-66 -60 5
-25 -22 5
-36 -35 5
-81 -75 5
-74 -67 5
-22 -14 5
-78 -75 5
-82 -75 5
-94 -89 5
-8 0 5
-58 -53 5
-70 -65 5
-84 -84 5
-109 -108 5
-89 -89 5
-79 -77 5
-87 -81 5
-46 -36 5
-117 -114 5
-87 -85 5
-81 -75 5
-105 -98 5
-77 -70 5
-100 -99 5
-93 -87 5
-79 -69 5
-81 -73 5
-93 -89 5
-89 -88 5
-36 -32 5
-77 -77 5
-57 -48 5
-64 -55 5
-13 -12 5
-110 -103 5
-39 -33 5
-102 -98 5
-98 -93 5
-28 -25 5
-77 -72 5
-32 -28 5
-86 -83 5
-87 -78 5
-91 -84 5
-98 -98 5
-26 -17 5
-80 -75 5
-36 -33 5
-93 -89 5
-78 -71 5
-12 -8 5
-112 -112 5
-85 -83 5
-84 -84 5
-39 -38 5
-98 -97 5
-88 -88 5
-58 -51 5
-89 -85 5
-33 -24 5
-35 -28 5
-76 -70 5
-88 -83 5
-74 -73 5
-38 -37 5
-59 -52 5
-70 -60 5
-66 -56 5
-106 -104 5
-9 -5 5
-57 -51 5
-88 -83 5
-93 -84 5
-73 -63 5
-58 -52 5
-47 -46 5
-13 -8 5
-69 -68 5
-40 -31 5
-113 -110 5
-80 -72 5
-75 -72 5
-80 -76 5
-89 -79 5
-83 -73 5
-80 -80 5
-26 -21 5
-8 -7 5
-41 -32 5
-94 -90 5
-53 -53 5
-95 -85 5
-98 -88 5
-86 -76 5
-7 -7 5
-76 -71 5
-75 -71 5
-77 -73 5
-76 -73 5
-77 -71 5
-79 -69 5
-100 -90 5
-111 -110 5
-59 -56 5
-26 -26 5
0 1 5
-32 -25 5
-83 -73 5
-73 -72 5
-36 -32 5
-79 -73 5
-33 -33 5
-100 -95 5
-93 -87 5
-86 -83 5
-100 -96 5
-13 -12 5
-72 -68 5
-99 -90 5
-13 -7 5
-20 -20 5
-98 -97 5
-112 -109 5
-77 -74 5
-90 -89 5
-81 -71 5
-23 -19 5
-91 -89 5
-102 -93 5
-70 -70 5
-36 -34 5
-108 -101 5
-75 -71 5
-92 -87 5
-86 -80 5
-65 -60 5
-12 -2 5
-12 -12 5
-75 -66 5
-106 -101 5
-30 -23 5
-103 -102 5
-104 -94 5
-81 -72 5
-79 -73 5
-20 -12 5
-83 -75 5
2 5 5
-21 -16 5
-30 -24 5
-81 -72 5
-57 -48 5
-72 -66 5
-25 -19 5
-80 -76 5
-97 -89 5
-45 -45 5
-96 -93 5
-49 -43 5
-105 -105 5
-36 -31 5
-80 -75 5
-37 -34 5
-2 7 5
-50 -49 5
-75 -73 5
-72 -67 5
-88 -83 5
-78 -70 5
-74 -71 5
-11 -4 5
-91 -82 5
-38 -33 5
-64 -62 5
-100 -93 5
-27 -24 5
-81 -78 5
-119 -111 5
-94 -86 5
-74 -68 5
-24 -17 5
-14 -10 5
-86 -79 5
-87 -78 5
-26 -26 5
-84 -84 5
-81 -80 5
-85 -79 5
-77 -69 5
-61 -60 5
-92 -84 5
-45 -41 5
-88 -88 5
-76 -69 5
-110 -105 5
-84 -74 5
-102 -93 5
-15 -9 5
-13 -6 5
-114 -112 5
-31 -28 5
-98 -98 5
-80 -73 5
-64 -64 5
-70 -64 5
-89 -79 5
-112 -109 5
-92 -87 5
-58 -57 5
-80 -79 5
-43 -41 5
-68 -65 5
-69 -62 5
-71 -66 5
-99 -97 5
-109 -102 5
-90 -84 5
-72 -69 5
-71 -66 5
-57 -56 5
-73 -64 5
-85 -85 5
-110 -100 5
-8 -1 5
-73 -64 5
-96 -90 5
-58 -52 5
-71 -66 5
-73 -70 5
4 5 5
-76 -70 5
-80 -73 5
-9 -8 5
-90 -86 5
-84 -76 5
-77 -77 5
-41 -39 5
-88 -85 5
-36 -30 5
-95 -92 5
-78 -74 5
-94 -84 5
-40 -40 5
-26 -21 5
-94 -90 5
-73 -69 5
-79 -77 5
-82 -80 5
-33 -26 5
-86 -85 5
-85 -83 5
-61 -51 5
-25 -19 5
-79 -70 5
-106 -98 5
-104 -96 5
-50 -42 5
-76 -73 5
-30 -24 5
-53 -44 5
-10 -7 5
-94 -85 5
-16 -11 5
-56 -53 5
-33 -23 5
-89 -80 5
-72 -70 5
-12 -4 5
-78 -68 5
-40 -40 5
-13 -3 5
-71 -68 5
-59 -52 5
-117 -114 5
-71 -65 5
-84 -81 5
-20 -15 5
-79 -76 5
-38 -29 5
-83 -74 5
-58 -55 5
-89 -85 5
-83 -81 5
-113 -107 5
-75 -65 5
-4 2 5
-64 -63 5
-78 -74 5
-101 -93 5
-61 -60 5
-9 -9 5
-42 -33 5
-82 -74 5
-71 -70 5
-77 -74 5
-70 -67 5
-41 -37 5
-91 -88 5
-57 -47 5
-98 -95 5
-18 -9 5
-88 -84 5
-64 -62 5
-76 -70 5
-8 -3 5
0 6 5
-70 -61 5
-4 -2 5
-33 -28 5
-16 -14 5
-35 -28 5
-115 -110 5
-93 -86 5
-98 -89 5
-21 -15 5
-94 -91 5
-12 -5 5
-100 -97 5
-78 -74 5
-85 -76 5
-83 -77 5
-84 -79 5
-80 -72 5
-87 -84 5
-60 -55 5
-82 -81 5
-85 -77 5
-95 -88 5
-78 -75 5
-89 -79 5
-108 -104 5
-88 -83 5
-72 -66 5
-75 -73 5
-75 -70 5
-26 -16 5
-85 -83 5
-82 -72 5
-92 -91 5
-102 -92 5
-83 -74 5
-21 -19 5
-30 -28 5
-98 -89 5
-77 -68 5
-70 -70 5
-83 -73 5
-52 -45 5
-105 -103 5
-39 -32 5
-33 -31 5
-95 -85 5
-77 -73 5
-61 -59 5
-75 -73 5
-94 -88 5
-63 -57 5
-104 -98 5
-38 -31 5
-79 -78 5
-69 -69 5
-61 -52 5
-95 -92 5
-94 -91 5
-71 -69 5
-96 -86 5
-110 -108 5
-74 -69 5
-75 -74 5
-8 -6 5
-65 -63 5
-110 -101 5
-84 -79 5
-75 -73 5
-111 -105 5
1 9 5
-42 -32 5
-26 -23 5
-60 -56 5
-40 -36 5
-59 -51 5
-116 -106 5
-60 -58 5
-57 -56 5
-56 -52 5
-67 -61 5
-21 -21 5
-79 -69 5
-33 -24 5
-24 -15 5
-83 -81 5
-88 -78 5
-72 -71 5
-34 -32 5
-74 -70 5
-77 -77 5
-16 -12 5
-53 -53 5
4 6 5
-69 -67 5
-14 -4 5
-16 -16 5
-43 -37 5
-41 -32 5
-112 -106 5
-114 -112 5
-50 -49 5
-81 -74 5
-78 -71 5
-69 -61 5
-44 -36 5
-20 -16 5
-75 -74 5
-96 -87 5
-78 -71 5
-37 -29 5
-71 -65 5
-93 -88 5
-20 -11 5
-69 -59 5
-79 -72 5
-16 -14 5
-13 -12 5
-90 -80 5
-73 -64 5
-90 -90 5
-71 -68 5
-72 -72 5
-19 -18 5
-50 -48 5
-77 -71 5
-108 -98 5
-76 -74 5
-92 -86 5
-91 -86 5
-79 -77 5
-112 -109 5
-78 -72 5
-68 -60 5
-24 -20 5
-69 -61 5
-91 -81 5
-61 -54 5
-89 -84 5
-21 -21 5
-84 -84 5
-70 -60 5
-78 -70 5
-53 -53 5
-75 -65 5
-67 -67 5
-108 -100 5
-37 -32 5
-33 -28 5
-56 -52 5
-46 -45 5
-65 -55 5
-83 -79 5
-81 -73 5
-64 -54 5
-47 -44 5
-82 -74 5
-63 -53 5
-115 -112 5
-58 -55 5
-102 -97 5
-47 -37 5
-28 -20 5
-4 -3 5
-18 -15 5
-81 -76 5
-80 -75 5
-58 -53 5
-88 -80 5
-90 -83 5
-80 -75 5
-80 -80 5
-44 -35 5
-34 -28 5
-107 -100 5
-87 -83 5
-88 -86 5
-79 -74 5
-75 -67 5
-66 -60 5
-93 -89 5
-90 -83 5
-29 -22 5
-73 -73 5
-39 -39 5
-54 -53 5
-54 -53 5
-82 -73 5
-62 -54 5
-57 -49 5
-101 -95 5
-78 -78 5
-77 -76 5
-90 -81 5
-86 -76 5
-117 -109 5
-93 -90 5
-103 -96 5
-56 -51 5
-84 -80 5
-74 -72 5
-29 -25 5
-92 -86 5
-72 -67 5
-79 -71 5
-94 -86 5
-78 -69 5
-80 -75 5
-25 -15 5
-101 -99 5
-81 -75 5
-13 -13 5
-17 -8 5
-85 -82 5
-84 -81 5
-85 -83 5
-99 -94 5
-80 -71 5
-62 -59 5
-15 -13 5
0 6 5
-86 -78 5
-95 -90 5
-102 -100 5
-31 -31 5
-86 -85 5
-28 -20 5
-90 -83 5
-89 -84 5
-73 -73 5
-79 -69 5
-22 -16 5
-78 -75 5
-8 -8 5
-102 -94 5
-9 -8 5
-77 -72 5
-111 -103 5
-93 -88 5
-83 -80 5
-31 -31 5
-85 -76 5
-67 -67 5
-88 -78 5
-18 -16 5
-52 -48 5
-56 -52 5
-24 -21 5
-15 -11 5
-76 -74 5
-13 -4 5
-81 -75 5
-57 -53 5
-17 -7 5
-103 -99 5
-58 -58 5
-79 -75 5
-2 5 5
-7 -2 5
-38 -36 5
-53 -47 5
-63 -60 5
-73 -72 5
-79 -72 5
-24 -19 5
-76 -68 5
-77 -67 5
-3 -2 5
-38 -36 5
-26 -26 5
-17 -11 5
-67 -62 5
-36 -32 5
-84 -76 5
-3 3 5
-88 -82 5
-96 -89 5
-44 -35 5
-94 -89 5
-24 -15 5
-40 -39 5
-42 -33 5
-84 -80 5
-21 -15 5
-90 -90 5
-65 -59 5
-49 -49 5
-82 -74 5
-78 -75 5
-78 -74 5
-81 -74 5
-90 -85 5
-94 -91 5
-18 -11 5
-87 -82 5
-101 -100 5
-103 -97 5
-108 -101 5
-93 -83 5
-32 -28 5
-76 -73 5
-98 -96 5
-81 -75 5
-24 -15 5
-106 -97 5
-103 -94 5
-82 -74 5
-36 -29 5
-78 -76 5
-108 -99 5
-9 -3 5
-91 -91 5
-86 -76 5
-70 -64 5
-85 -83 5
-27 -21 5
-79 -69 5
-43 -39 5
-57 -57 5
-91 -89 5
-70 -67 5
-80 -80 5
-88 -84 5
-65 -64 5
-89 -79 5
-46 -40 5
-93 -91 5
-20 -12 5
-47 -41 5
-87 -83 5
-70 -65 5
-38 -35 5
-95 -94 5
-97 -88 5
-81 -77 5
-94 -90 5
-95 -87 5
-88 -85 5
-80 -72 5
-79 -72 5
-22 -21 5
-81 -78 5
-109 -103 5
-13 -4 5
-74 -66 5
-74 -71 5
-74 -74 5
-91 -91 5
-26 -26 5
-65 -63 5
-11 -3 5
-94 -86 5
-16 -8 5
-69 -69 5
-82 -76 5
-90 -81 5
-114 -104 5
-99 -95 5
-37 -34 5
-65 -56 5
-4 1 5
-76 -74 5
-107 -99 5
-84 -79 5
-76 -68 5
-103 -95 5
-65 -55 5
-83 -82 5
-102 -96 5
-78 -78 5
-45 -37 5
-93 -83 5
-85 -85 5
-14 -9 5
-17 -10 5
-21 -15 5
-91 -83 5
-88 -87 5
-83 -81 5
-61 -54 5
-95 -88 5
-46 -46 5
-80 -76 5
-19 -12 5
-61 -60 5
-90 -86 5
-69 -65 5
-90 -80 5
-1 5 5
-66 -59 5
-34 -26 5
-58 -55 5
-92 -90 5
-10 -10 5
-38 -37 5
-112 -107 5
-20 -11 5
-42 -33 5
-49 -42 5
-100 -100 5
-89 -85 5
-91 -89 5
-100 -93 5
-110 -101 5
-74 -74 5
-37 -33 5
-69 -59 5
-105 -104 5
-83 -76 5
-80 -78 5
-87 -82 5
-45 -41 5
-72 -70 5
-74 -65 5
-78 -74 5
-97 -94 5
-80 -75 5
-67 -61 5
-17 -8 5
-19 -15 5
-27 -25 5
-76 -68 5
-17 -13 5
-114 -108 5
-110 -107 5
-91 -89 5
-108 -102 5
-42 -33 5
-63 -63 5
-29 -28 5
-44 -42 5
-72 -70 5
-91 -81 5
-93 -87 5
-77 -75 5
-94 -89 5
-21 -15 5
-104 -104 5
-107 -99 5
-75 -70 5
-78 -75 5
-80 -79 5
-20 -17 5
-76 -75 5
-104 -99 5
-28 -21 5
-36 -31 5
-8 -3 5
-62 -53 5
-117 -110 5
-84 -74 5
-76 -74 5
-20 -11 5
-86 -83 5
-115 -106 5
-104 -99 5
-41 -35 5
-82 -76 5
-85 -81 5
-93 -92 5
-47 -39 5
-75 -71 5
-104 -104 5
-7 -3 5
-88 -80 5
-86 -78 5
-27 -27 5
-60 -51 5
-38 -38 5
-109 -105 5
-16 -7 5
-11 -8 5
-24 -17 5
-9 -8 5
-60 -54 5
-63 -54 5
-33 -24 5
-105 -105 5
-84 -79 5
-70 -67 5
-20 -19 5
-97 -94 5
-59 -56 5
-42 -32 5
-79 -70 5
-95 -88 5
-91 -84 5
-65 -58 5
-103 -98 5
-70 -66 5
-25 -18 5
-80 -79 5
-76 -73 5
-51 -45 5
-37 -28 5
-95 -88 5
-40 -31 5
-65 -58 5
-79 -70 5
-34 -25 5
-80 -72 5
-75 -73 5
-7 1 5
-78 -77 5
-74 -65 5
-58 -52 5
-94 -94 5
-83 -79 5
-74 -64 5
-79 -76 5
-13 -13 5
-87 -87 5
-99 -90 5
-93 -86 5
-68 -66 5
-84 -78 5
-12 -3 5
-104 -99 5
-88 -81 5
-53 -53 5
-86 -78 5
-48 -42 5
-79 -74 5
-20 -16 5
-9 -4 5
-91 -86 5
-92 -83 5
-79 -73 5
-38 -36 5
-85 -84 5
-34 -34 5
-102 -95 5
-99 -95 5
1 4 5
-54 -52 5
-12 -6 5
-17 -7 5
-74 -64 5
-77 -75 5
-38 -34 5
-82 -82 5
-83 -77 5
-75 -68 5
-46 -39 5
0 2 5
-85 -79 5
-79 -71 5
-79 -69 5
-52 -42 5
-39 -33 5
-73 -71 5
-33 -23 5
-115 -107 5
-111 -107 5
-37 -29 5
-92 -86 5
-68 -66 5
-108 -107 5
0 9 5
-99 -98 5
-72 -65 5
-89 -81 5
-116 -106 5
-102 -93 5
-86 -84 5
-96 -88 5
-7 -4 5
-88 -84 5
-88 -81 5
-83 -74 5
-51 -41 5
-119 -111 5
-88 -82 5
-86 -86 5
-62 -62 5
-80 -79 5
-116 -107 5
-74 -67 5
-116 -108 5
-75 -65 5
-105 -103 5
-28 -19 5
-113 -105 5
-54 -44 5
-29 -27 5
-103 -95 5
-95 -85 5
-114 -111 5
-112 -111 5
-30 -30 5
-60 -57 5
-21 -21 5
-83 -75 5
-89 -88 5
-96 -92 5
-109 -109 5
-72 -67 5
-17 -10 5
-77 -75 5
-31 -26 5
-6 -2 5
-29 -20 5
-58 -48 5
-26 -22 5
-68 -64 5
-31 -26 5
-89 -88 5
-31 -28 5
-99 -90 5
-89 -82 5
-59 -58 5
-84 -82 5
-1 1 5
-44 -35 5
-40 -35 5
-42 -40 5
-80 -75 5
-89 -83 5
-56 -47 5
-77 -72 5
-80 -77 5
-103 -103 5
-87 -79 5
-88 -81 5
-94 -89 5
-90 -83 5
-43 -37 5
