Bus number: 2435, root cords: [55.787489, 49.122289]
[55.756147, 49.197993] 0.08193544153783106
[55.751847, 49.205492] 0.09051569683209527
[55.747777, 49.212175] 0.0982676749495993
[55.74541, 49.216467] 0.10315104422641577
[55.745352, 49.216573] 0.10327148408442346
[55.745337, 49.217692] 0.1043001606566339
[55.748758, 49.22405] 0.10888246636625713
[55.750068, 49.226485] 0.11071195805783142
[55.752933, 49.231047] 0.11411581704566182
[55.755852, 49.231588] 0.1137856369231206
[55.760105, 49.231558] 0.11264811501751532
[55.763025, 49.231683] 0.11209609507917268
[55.76662, 49.231785] 0.11146698693783692
[55.767695, 49.231718] 0.11120480419927732
[55.771398, 49.231817] 0.11070367231939295
[55.773397, 49.231763] 0.11037726731532933
[55.774405, 49.23177] 0.11026005812169222
[55.775372, 49.231758] 0.11013756693335594
[55.775833, 49.23175] 0.1100798476425144
[55.778028, 49.231578] 0.10969774857306483
[55.782367, 49.227335] 0.10517079917923429
[55.783495, 49.223635] 0.10142467033222186
[55.787532, 49.22451] 0.10222100904412959
[55.788975, 49.22472] 0.10244177837678885
[55.791698, 49.225962] 0.10375840500894414
[55.79237, 49.22972] 0.1075418240592915
[55.791627, 49.225823] 0.10361665985737623
[55.7872, 49.224367] 0.10207840910300157
[55.784427, 49.223523] 0.10128029719545457
[55.7826, 49.222182] 0.10001256806021372
[55.78531, 49.219077] 0.0968125249386634
[55.781002, 49.218943] 0.09687144514768102
[55.781642, 49.219813] 0.09769911967361847
[55.782232, 49.224475] 0.1023211348891284
[55.78014, 49.229487] 0.10744961146974558
[55.779085, 49.230532] 0.10856875363104615
[55.775632, 49.231612] 0.1099641158651274
[55.771973, 49.231543] 0.11035027309436045
[55.769637, 49.231522] 0.11068216745708893
[55.768108, 49.231465] 0.11088292085348248
[55.765982, 49.231442] 0.1112516447428972
[55.762673, 49.231503] 0.1119979091411926
[55.76137, 49.231452] 0.11224421022929881
[55.758122, 49.231265] 0.11286358697560382
[55.75419, 49.231183] 0.1138715356750748
[55.75183, 49.229223] 0.11272286652227756
[55.749817, 49.22574] 0.1100967255870945
[55.749055, 49.224388] 0.10909343773572844
[55.74625, 49.219157] 0.10528088404359028
[55.745552, 49.217808] 0.10431965936485312
[55.74766, 49.213275] 0.09932170677651468
[55.750168, 49.208872] 0.09428400145305378
[55.753908, 49.202537] 0.08699094817852866
[55.757167, 49.197037] 0.0806640390012788
[55.759757, 49.192597] 0.0755796182049077
[55.760052, 49.192115] 0.07502305808882904
[55.76292, 49.187125] 0.06933500311530921
[55.765188, 49.183623] 0.06526250192108288
[55.765795, 49.182367] 0.06387484418767549
[55.767638, 49.17905] 0.06013213219236023
[55.76828, 49.178533] 0.05943377168748491
[55.76828, 49.178533] 0.05943377168748491
[55.76884, 49.178083] 0.05882818743595619
[55.769158, 49.177777] 0.05843751966844399
[55.769847, 49.177245] 0.057718299524498806
[55.770772, 49.176263] 0.05650354648161151
[55.77441, 49.175195] 0.054498670414973895
[55.77946, 49.172667] 0.05101379935859999
[55.77987, 49.172335] 0.050622636013935934
[55.782793, 49.170933] 0.04887014581520734
[55.786517, 49.17123] 0.04895065132355156
[55.787345, 49.169567] 0.04727821929810668
[55.787225, 49.160327] 0.03803891612546313
[55.787508, 49.158058] 0.0357690050462636
[55.788015, 49.152905] 0.03062051815367739
[55.78814, 49.151932] 0.02965014755443895
[55.791183, 49.15284] 0.030773515187571567
[55.793782, 49.154703] 0.03301922538461064
[55.793905, 49.155093] 0.033425551184684085
[55.793578, 49.15553] 0.03379408235179249
[55.793063, 49.155703] 0.03387572688519002
[55.792718, 49.155698] 0.03381573187142231
[55.793083, 49.149978] 0.028248425743742908
[55.794467, 49.143547] 0.022373981496367216
[55.795242, 49.136478] 0.01616900522604482
[55.795592, 49.132667] 0.013166681168764084
[55.79613, 49.126697] 0.009700378600855448
[55.795582, 49.125457] 0.008690965021216426
[55.794815, 49.125195] 0.0078813141036227
[55.793302, 49.124965] 0.006399370672180376
[55.79012, 49.124567] 0.003480150140438022
[55.788372, 49.123562] 0.0015492636960818074
[55.787205, 49.121853] 5.203383514606891E-4
[55.7865, 49.120955] 0.001660625484571406
[55.783967, 49.11753] 0.005920520669673096
[55.783257, 49.116515] 0.007158833703896378
[55.783145, 49.114885] 0.008584261878580128
[55.784452, 49.11332] 0.00946923069736937
[55.785855, 49.111612] 0.010801309411364618
[55.78611, 49.111285] 0.01109007019815454
[55.786785, 49.110375] 0.011934781606720077
[55.787552, 49.109605] 0.012684156455988832
[55.789217, 49.107575] 0.014815119979269388
[55.789548, 49.105368] 0.01704581244764033
[55.788545, 49.103558] 0.018760743508722946
[55.788788, 49.102147] 0.020183844158137586
[55.790032, 49.100995] 0.021445309160750603
[55.793528, 49.096713] 0.0262792940734728
[55.795795, 49.092452] 0.030971538628230783
[55.79717, 49.084247] 0.03925449687615854
[55.800572, 49.070863] 0.053064096760427136
[55.799955, 49.068065] 0.055638505839036005
[55.799333, 49.063355] 0.06011236721341124
[55.798638, 49.057588] 0.06565454745864785
[55.797695, 49.049748] 0.0732554374568884
[55.798788, 49.040163] 0.08289962169395233
[55.799735, 49.033745] 0.08938682482334706
[55.800177, 49.026513] 0.09661277099845586
[55.800597, 49.017295] 0.10580907191730347
[55.800895, 49.009397] 0.11368519912460195
[55.801177, 49.007752] 0.11535200784121498
[55.800583, 49.015805] 0.10728604332344652
[55.800415, 49.021637] 0.10147860158674221
[55.79968, 49.03317] 0.08994896687567176
[55.798278, 49.041822] 0.08118707169247978
[55.798278, 49.041822] 0.08118707169247978
[55.798562, 49.057455] 0.06577278225071923
[55.798815, 49.059865] 0.063443156069035
[55.799732, 49.067425] 0.0562134285113457
[55.79994, 49.07194] 0.051865684243056015
[55.797707, 49.08012] 0.043389308418090064
[55.794192, 49.095445] 0.027668222657052655
[55.790637, 49.099997] 0.022513177652210347
[55.789803, 49.101053] 0.021361701523990764
[55.78965, 49.101187] 0.02121236255111544
[55.788468, 49.102487] 0.01982618584095146
[55.788445, 49.103297] 0.019016045856070314
[55.790188, 49.106232] 0.016282255679116224
[55.789213, 49.107505] 0.014884180595516506
[55.787775, 49.109232] 0.013060131890608572
[55.787277, 49.109797] 0.012493798781797396
[55.785493, 49.111918] 0.010561328372888404
[55.783307, 49.11463] 0.00872636264431293
[55.78275, 49.11617] 0.007739527246548836
[55.78345, 49.117078] 0.006593029804271996
[55.783848, 49.117575] 0.005956397988718676
[55.784062, 49.117875] 0.00558817725202509
[55.785432, 49.11972] 0.003291049984428764
[55.786877, 49.122192] 6.196394112751584E-4
[55.787567, 49.123082] 7.968268318722584E-4
[55.791195, 49.124738] 0.004442075753518983
[55.793887, 49.125122] 0.006997163210897594
[55.79418, 49.125205] 0.0072988038061004784
[55.79405, 49.129085] 0.009446286942497027
[55.793863, 49.132512] 0.012047306960476161
[55.793553, 49.136968] 0.0158822270793505
[55.793422, 49.138467] 0.017231603900968485
[55.793873, 49.143323] 0.021981460643004862
[55.793193, 49.148213] 0.026544102772552404
[55.790328, 49.147237] 0.02510901481539554
[55.78832, 49.147963] 0.025687445124024006
[55.787892, 49.152408] 0.03012169600138654
[55.787533, 49.155363] 0.03307402926768894
[55.787342, 49.157637] 0.035348305659535256
[55.787263, 49.158113] 0.03582471286695626
[55.787137, 49.159105] 0.036817682708171685
[55.78698, 49.159793] 0.03750745388585958
[55.786967, 49.16006] 0.03777460688081285
[55.786535, 49.164847] 0.04256869131180768
[55.786777, 49.166662] 0.044378711934890805
[55.786993, 49.168375] 0.04608866901961452
[55.786993, 49.168375] 0.04608866901961452
[55.786033, 49.170828] 0.04856083254022535
[55.782865, 49.170367] 0.04829984948216385
[55.779912, 49.171777] 0.050064688883479876
[55.776488, 49.174225] 0.053088323546706326
[55.771738, 49.175342] 0.05534179984423969
[55.77069, 49.175922] 0.05620235840247035
[55.767778, 49.178537] 0.059601686427479934
[55.767182, 49.179203] 0.060428285140321426
[55.766715, 49.179848] 0.06119311690868392
[55.766505, 49.18019] 0.06158615150340266
[55.764577, 49.183598] 0.06545038750840274
[55.763165, 49.186058] 0.06825058488394133
[55.761535, 49.188885] 0.07147473212261472
[55.759663, 49.191942] 0.07500551103085162
[55.756443, 49.197507] 0.0813732243431471
[55.753585, 49.202425] 0.08701298588141507
[55.751908, 49.205315] 0.09032897783656965
[55.751908, 49.205315] 0.09032897783656965
[55.746232, 49.21505] 0.10152213142955269
[55.745198, 49.217317] 0.10401369844880888
[55.747365, 49.221323] 0.10685349096776912
[55.748847, 49.224073] 0.10887234185044063
[55.7515, 49.229052] 0.11266563934936076
[55.753987, 49.231428] 0.11416525445598448
[55.755943, 49.231512] 0.11368735129731862
[55.763335, 49.231692] 0.11203763709129276
[55.766757, 49.23163] 0.11128912842232266
[55.769378, 49.231673] 0.11087320585695899
[55.769378, 49.231673] 0.11087320585695899
[55.77606, 49.23175] 0.1100560428236411
[55.779238, 49.230553] 0.10857795677300097
[55.780605, 49.229293] 0.10722520912546268
[55.783142, 49.223577] 0.10138123767738959
[55.786667, 49.224037] 0.10175132032558656
[55.78989, 49.224675] 0.10241414842197881
[55.791625, 49.225895] 0.10368852266282828
[55.792542, 49.22949] 0.10732002240960993
[55.791975, 49.226408] 0.1042155955555569
[55.791418, 49.22543] 0.10321580751997324
[55.790383, 49.224662] 0.10241389732355662
[55.789168, 49.224607] 0.10233177495284312
[55.787783, 49.224448] 0.10215942304555202
[55.78609, 49.22376] 0.10148064368143954
[55.782788, 49.22341] 0.10123021308878029
[55.782702, 49.219797] 0.09762543435498536
[55.782682, 49.219017] 0.09684737081098158
[55.779213, 49.218713] 0.09677850976327251
[55.780902, 49.219817] 0.09775018850620927
[55.782265, 49.220625] 0.09847466208116297
[55.78215, 49.224327] 0.10217758249733672
[55.781453, 49.228023] 0.10590614737587069
[55.780807, 49.228797] 0.10671739871267269
[55.780193, 49.22928] 0.10723947825777692
[55.779665, 49.229847] 0.10784219183603153
[55.778978, 49.230593] 0.10863790101525017
[55.778288, 49.23128] 0.10937868385567223
[55.777265, 49.231598] 0.10978609956182597
[55.775725, 49.231547] 0.10988950022636068
[55.773498, 49.231563] 0.11016603449793383
[55.77197, 49.231472] 0.11028040102392954
[55.771573, 49.23139] 0.11025582640839958
[55.76901, 49.231358] 0.1106233257590801
[55.767735, 49.231365] 0.11085032382451025
[55.76561, 49.23136] 0.11124375794623248
[55.764472, 49.23141] 0.11152208270113582
[55.762293, 49.231382] 0.11196482065809944
[55.759775, 49.231315] 0.11249326411834705
[55.755458, 49.231195] 0.11351872883801897
[55.75424, 49.231133] 0.11380910480712587
[55.752498, 49.230387] 0.11362019048126738
[55.751003, 49.227813] 0.11165367334754066
[55.749228, 49.224503] 0.1091403038157727
[55.748077, 49.222295] 0.10749188704269728
[55.74737, 49.220998] 0.10655046148187364
[55.74674, 49.219793] 0.10567644494872065
[55.746302, 49.21897] 0.10508846145033916
[55.7455, 49.217482] 0.1040422191708687
[55.747582, 49.21331] 0.09938506472302343
[55.747813, 49.21301] 0.09901759852167233
[55.750575, 49.208173] 0.09348104006695815
[55.750575, 49.208173] 0.09348104006695815
[55.754095, 49.202445] 0.0868340000921259
[55.756325, 49.198453] 0.08229307256385575
[55.757067, 49.19712] 0.08077856550471485
[55.758615, 49.194493] 0.07776326569788591
[55.760042, 49.192208] 0.07511327692225886
[55.760947, 49.190542] 0.0732321635143996
[55.763657, 49.185858] 0.06788948361123451
[55.764657, 49.184543] 0.06630882852229805
[55.766423, 49.180928] 0.06230817504148097
[55.767337, 49.17944] 0.06059983419944182
[55.769675, 49.17727] 0.057794886945125364
[55.77176, 49.17557] 0.055554175378632296
[55.774423, 49.175123] 0.05442565490648461
[55.778702, 49.17314] 0.051604608030672995
[55.779872, 49.172285] 0.05057290485032539
[55.782762, 49.170898] 0.04883829859853769
[55.786023, 49.171085] 0.04881801687901298
[55.787247, 49.171137] 0.04884859944768076
[55.78723, 49.168322] 0.04603372861283476
[55.78713, 49.161247] 0.03895965406674032
[55.787345, 49.159708] 0.037419277077463564
[55.78772, 49.155967] 0.033678792214087004
[55.78888, 49.152063] 0.029806475085118134
[55.791237, 49.152722] 0.03066292538228717
[55.793817, 49.154765] 0.03308676714337111
